#GroundPlane
2.5,-1.5,-2.5,0.0,1.0,0.0,1.0,1.0
-2.5,-1.5,-2.5,0.0,1.0,0.0,0.0,1.0
2.5,-1.5,2.5,0.0,1.0,0.0,1.0,0.0
-2.5,-1.5,-2.5,0.0,1.0,0.0,0.0,1.0
-2.5,-1.5,2.5,0.0,1.0,0.0,0.0,0.0
2.5,-1.5,2.5,0.0,1.0,0.0,1.0,0.0
#Grounplane-reflect
-2.5,-1.5,-2.5,0.0,1.0,0.0,0.0,1.0
2.5,-1.5,-2.5,0.0,1.0,0.0,1.0,1.0
2.5,-1.5,2.5,0.0,1.0,0.0,1.0,0.0
-2.5,-1.5,2.5,0.0,1.0,0.0,0.0,0.0
-2.5,-1.5,-2.5,0.0,1.0,0.0,0.0,1.0
2.5,-1.5,2.5,0.0,1.0,0.0,1.0,0.0
#HouseBase - x,y,z,rot
>./cube.txt,-1.0,-0.99,0.0,0.7
>./cube.txt,0.0,0.0,0.0,0.4,0.0,0.0
>./cube.txt,1.0,0.0,0.0,0.7,0.7,0.7