# Base lower
## Bottom
0.5,0.0,-0.5,0.1,0.46,0.12,0.0,0.0
-0.5,0.0,-0.5,0.1,0.46,0.12,0.0,0.0
0.5,0.0,0.5,0.1,0.46,0.12,0.0,0.0
-0.5,0.0,0.5,0.1,0.46,0.12,0.0,0.0
0.5,0.0,0.5,0.1,0.46,0.12,0.0,0.0
-0.5,0.0,-0.5,0.1,0.46,0.12,0.0,0.0
# Bottom Segment
>./cactus_segment.txt,0.0,0.0,0.0,0.0,0.0,0.0
>./cactus_segment.txt,0.0,2.0,0.0,0.0,0.0,0.0
>./cactus_segment.txt,0.0,4.0,0.0,0.0,0.0,0.0
>./cactus_cap.txt,0.0,6.0,0.0,0.0,0.0,0.0

# Short Arm
>./cactus_arm.txt,0.0,4.0,0.0,0.0,0.0,0.0
>./cactus_arm.txt,0.0,4.0,0.0,0.0,3.1412,0.0
## Top
#-0.5,4.0,-0.5,0.1,0.46,0.12,0.0,0.0
#0.5,4.0,-0.5,0.1,0.46,0.12,0.0,0.0
#0.5,4.0,0.5,0.1,0.46,0.12,0.0,0.0
#0.5,4.0,0.5,0.1,0.46,0.12,0.0,0.0
#-0.5,4.0,0.5,0.1,0.46,0.12,0.0,0.0
#-0.5,4.0,-0.5,0.1,0.46,0.12,0.0,0.0